ExpressionLevelAN1.CELAN2.CELAN3.CELAN4.CELAN5.CELAN6.CELAN7.CELAN8.CEL
YDR155C = 15.4575 15.1271 15.4949 15.4348 15.4491 15.521 15.7181 15.7532
YDR423C = 10.7538 10.0207 10.4832 10.719 10.3652 10.661 10.9629 10.9611
YER169W = 10.3005 9.51737 9.97697 10.2775 10.0479 10.3253 10.7026 10.6777
YJR096W = 10.6599 9.07252 9.69543 9.85598 10.4559 10.3376 11.0195 11.2165
YPR185W = 10.6323 10.2775 10.479 10.6334 10.5263 10.5706 10.9768 10.8777
