ExpressionLevelAN1.CELAN2.CELAN3.CELAN4.CELAN5.CELAN6.CELAN7.CELAN8.CEL
YBL101C = 12.7911 12.1431 12.2987 12.3991 12.2674 12.5484 12.9505 12.8521
YFL021W = 12.3517 11.9358 11.589 11.9553 11.7898 11.9744 12.8189 12.9325
YGL073W = 11.3408 11.0247 11.0979 11.3075 11.0181 11.3733 11.763 11.7534
YHR082C = 12.855 12.4631 12.3842 12.5231 12.5951 12.7475 13.1424 13.1686
YHR129C = 10.1025 9.98291 9.9217 10.066 10.0559 10.1088 10.2598 10.3002
YJL144W = 9.96967 7.41175 7.74116 8.2285 8.84005 9.10626 10.3015 10.509
YKR039W = 14.2531 12.1327 12.1211 12.455 12.7824 12.592 15.3177 15.4702
YMR170C = 10.9297 9.25914 9.80832 10.0208 10.0537 10.3584 12.2576 12.1859
YMR255W = 11.6315 10.8789 10.8626 11.0203 11.1383 11.1051 11.5806 11.6034
