ExpressionLevelAN1.CELAN2.CELAN3.CELAN4.CELAN5.CELAN6.CELAN7.CELAN8.CEL
YJL056C = 9.90545 9.64055 9.23975 9.57417 9.86959 10.2256 10.4207 10.3103
YPR194C = 12.0634 10.9531 9.16292 10.6026 11.8446 12.007 15.3969 15.4893
