ExpressionLevelAE1.CELAE2.CELAE3.CELAE4.CELAE5.CELAE6.CELAE7.CELAE8.CEL
YDR317W = 6.80892 4.99557 3.91856 4.7249 5.04763 5.36559 4.83729 4.8471
YDR453C = 9.87846 5.61086 5.37962 10.371 7.79613 7.15954 5.70755 6.05647
YER065C = 13.7416 11.422 12.6874 14.6783 12.4637 10.356 9.37724 9.09078
YGR059W = 5.44202 3.47954 3.32869 4.59815 4.71087 3.44649 3.59076 3.42145
YJL089W = 12.3975 8.77143 9.22647 12.8736 9.55579 8.137 7.12111 7.22506
YLR228C = 10.779 10.3827 10.0411 11.384 10.1458 9.78043 9.5832 9.86915
YNR002C = 14.1814 10.6224 12.3983 14.8431 12.0237 12.0034 11.5531 10.3926
YOR100C = 10.8896 8.44231 9.44137 11.2338 8.12387 8.86816 7.86857 7.93837
YPL148C = 10.7696 10.2972 10.3957 11.0633 10.5846 10.1162 9.98747 9.99883
