ExpressionLevelAE1.CELAE2.CELAE3.CELAE4.CELAE5.CELAE6.CELAE7.CELAE8.CEL
YBR078W = 14.8875 14.928 14.9281 14.9074 15.0506 15.19 15.1399 15.1152
YCL025C = 11.4002 11.4614 10.3512 9.63351 11.4097 12.3769 12.9583 13.1924
YER176W = 11.1042 10.9024 10.8478 10.5221 11.0943 11.27 11.1427 11.2335
YFR034C = 12.5847 12.5354 12.5338 12.1349 12.8133 12.9463 12.7969 12.7511
YGR096W = 9.17719 9.28026 9.40268 9.06235 9.09512 9.54979 9.28558 9.35855
YGR202C = 11.9905 11.8152 11.8916 11.4291 11.7438 12.2344 12.315 12.3902
YHR206W = 11.4002 11.3982 11.3678 10.9272 11.4555 11.7769 11.8408 11.9857
YHR210C = 6.65966 5.227 3.23796 4.49958 4.62365 8.48497 8.08294 8.38793
YLR044C = 15.6603 15.5966 15.429 15.3399 15.8838 15.8769 15.9698 15.9626
YLR141W = 10.2288 10.3668 10.3569 10.1966 10.6199 10.8515 10.8867 10.8772
YLR176C = 9.85382 10.0475 9.78346 9.52576 9.92315 10.1119 10.2043 10.1765
YLR343W = 7.49039 8.57036 8.46663 7.37657 7.93215 8.71272 8.72191 9.06897
YLR383W = 11.2357 11.176 11.1726 11.1346 11.4028 11.3985 11.5026 11.3835
YLR451W = 9.8802 9.42878 9.199 8.67918 9.74604 10.17 10.0972 10.3164
YMR042W = 6.66031 6.40323 5.42669 2.2034 4.93594 7.99791 7.57967 8.46756
YNL068C = 10.2661 10.0729 9.8114 9.98642 10.3097 10.5472 10.5425 10.6037
YOL136C = 9.0704 9.60926 7.96801 8.34526 10.0267 11.2168 11.2737 11.3513
YOR226C = 11.6501 11.996 11.7261 10.606 11.6157 12.0544 12.2359 12.6856
YPL187W = 7.32325 6.07567 6.52167 6.52094 11.2444 13.3616 13.5926 13.1815
YPR159W = 13.4486 13.5256 13.2849 13.0218 13.2416 13.6723 13.6818 13.7823
