ExpressionLevelAE1.CELAE2.CELAE3.CELAE4.CELAE5.CELAE6.CELAE7.CELAE8.CEL
YGL229C = 7.32555 8.43561 8.37098 9.18488 6.84531 7.26192 7.28038 7.27866
YJR095W = 14.3504 13.4008 14.2466 14.4934 13.5491 10.2056 2.95441 2.85723
YLR174W = 13.7726 12.5992 13.1073 14.7421 13.6679 11.1943 10.109 9.55911
YMR280C = 11.3138 10.9855 11.0826 10.9132 10.5728 10.1147 9.57906 9.34419
